25
2 9 13 1 1 
4 9 10 13 14 1 1 1 1 
2 10 14 1 1 
4 9 11 13 15 1 1 1 1 
8 9 10 11 12 13 14 15 16 1 1 1 1 1 1 1 1 
4 10 12 14 16 1 1 1 1 
2 11 15 1 1 
4 11 12 15 16 1 1 1 1 
2 12 16 1 1 
5 0 1 3 4 17 1 1 1 1 1 
5 1 2 4 5 17 1 1 1 1 1 
5 3 4 6 7 17 1 1 1 1 1 
5 4 5 7 8 17 1 1 1 1 1 
5 0 1 3 4 18 1 1 1 1 1 
5 1 2 4 5 18 1 1 1 1 1 
5 3 4 6 7 18 1 1 1 1 1 
5 4 5 7 8 18 1 1 1 1 1 
7 9 10 11 12 19 21 23 1 1 1 1 1 1 1 
7 13 14 15 16 20 22 23 1 1 1 1 1 1 1 
1 17 1 
1 18 1 
1 17 1 
1 18 1 
3 17 18 24 1 1 1 
1 23 1 
